daily_co2_date <- c("19/1/2020",
                    "26/1/2020",
                    "27/1/2020",
                    "28/1/2020",
                    "30/1/2020",
                    "3/2/2020",
                    "5/2/2020",
                    "6/2/2020",
                    "7/2/2020",
                    "16/2/2020",
                    "17/2/2020",
                    "18/2/2020",
                    "22/2/2020",
                    "23/2/2020",
                    "24/2/2020",
                    "15/3/2020",
                    "16/3/2020",
                    "17/3/2020",
                    "20/3/2020",
                    "21/3/2020",
                    "22/3/2020",
                    "5/4/2020",
                    "13/4/2020",
                    "15/4/2020",
                    "17/4/2020",
                    "18/4/2020",
                    "1/5/2020",
                    "10/5/2020",
                    "12/5/2020",
                    "13/5/2020",
                    "14/5/2020",
                    "15/5/2020",
                    "23/5/2020",
                    "24/5/2020",
                    "30/5/2020",
                    "1/6/2020",
                    "17/6/2020",
                    "25/6/2020",
                    "30/6/2020",
                    "1/7/2020",
                    "8/7/2020",
                    "15/7/2020",
                    "26/7/2020",
                    "27/7/2020",
                    "28/7/2020",
                    "29/7/2020",
                    "24/8/2020",
                    "31/8/2020",
                    "5/9/2020",
                    "7/9/2020",
                    "19/9/2020",
                    "28/9/2020",
                    "9/10/2020",
                    "19/10/2020",
                    "25/10/2020",
                    "29/10/2020",
                    "31/10/2020",
                    "5/11/2020",
                    "6/11/2020",
                    "8/11/2020",
                    "9/11/2020",
                    "10/11/2020",
                    "11/11/2020",
                    "1/1/2019",
                    "17/1/2019",
                    "20/1/2019",
                    "25/1/2019",
                    "26/1/2019",
                    "31/1/2019",
                    "6/2/2019",
                    "9/2/2019", 
                    "10/2/2019", 
                    "13/2/2019", 
                    "14/2/2019", 
                    "18/2/2019", 
                    "19/2/2019", 
                    "20/2/2019", 
                    "21/2/2019", 
                    "23/2/2019", 
                    "28/2/2019", 
                    "1/3/2019", 
                    "2/3/2019",
                    "3/3/2019",
                    "4/3/2019",
                    "5/3/2019",
                    "6/3/2019",
                    "8/3/2019",
                    "9/3/2019",
                    "10/3/2019",
                    "13/3/2019",
                    "14/3/2019",
                    "20/3/2019",
                    "24/3/2019",
                    "28/3/2019", 
                    "11/4/2019",
                    "12/4/2019",
                    "13/4/2019",
                    "14/4/2019",
                    "17/4/2019",
                    "18/4/2019",
                    "19/4/2019",
                    "20/4/2019",
                    "21/4/2019",
                    "22/4/2019",
                    "23/4/2019",
                    "25/4/2019",
                    "27/4/2019",
                    "1/5/2019",
                    "2/5/2019",
                    "3/5/2019",
                    "4/5/2019",
                    "12/5/2019",
                    "13/5/2019",
                    "16/5/2019",
                    "20/5/2019",
                    "21/5/2019",
                    "22/5/2019",
                    "23/5/2019",
                    "25/5/2019",
                    "27/5/2019",
                    "29/5/2019",
                    "30/5/2019",
                    "1/6/2019",
                    "4/6/2019",
                    "7/6/2019",
                    "8/6/2019",
                    "9/6/2019",
                    "10/6/2019",
                    "11/6/2019",
                    "13/6/2019",
                    "16/6/2019",
                    "19/6/2019",
                    "20/6/2019",
                    "24/6/2019",
                    "25/6/2019",
                    "26/6/2019",
                    "28/6/2019",
                    "30/6/2019",
                    "4/7/2019",
                    "7/7/2019",
                    "12/7/2019",
                    "13/7/2019",
                    "15/7/2019",
                    "17/7/2019",
                    "21/7/2019",
                    "25/7/2019",
                    "26/7/2019",
                    "30/7/2019",
                    "31/7/2019",
                    "1/8/2019", 
                    "8/8/2019",
                    "9/8/2019",
                    "11/8/2019",
                    "12/8/2019",
                    "17/8/2019",
                    "18/8/2019",
                    "23/8/2019",
                    "24/8/2019",
                    "26/8/2019",
                    "29/8/2019",
                    "30/8/2019",
                    "2/9/2019",
                    "4/9/2019",
                    "6/9/2019",
                    "7/9/2019",
                    "8/9/2019",
                    "9/9/2019",
                    "11/9/2019",
                    "16/9/2019",
                    "20/9/2019",
                    "21/9/2019",
                    "22/9/2019",
                    "27/9/2019",
                    "28/9/2019",
                    "30/9/2019",
                    "1/10/2019", 
                    "2/10/2019",
                    "3/10/2019",
                    "4/10/2019",
                    "9/10/2019",
                    "11/10/2019",
                    "16/10/2019",
                    "17/10/2019",
                    "19/10/2019",
                    "20/10/2019",
                    "26/10/2019",
                    "28/10/2019",
                    "29/10/2019",
                    "30/10/2019",
                    "2/11/2019",
                    "3/11/2019",
                    "4/11/2019",
                    "5/11/2019",
                    "8/11/2019",
                    "10/11/2019",
                    "11/11/2019",
                    "15/11/2019",
                    "16/11/2019",
                    "20/11/2019",
                    "22/11/2019",
                    "28/11/2019",
                    "4/12/2019",
                    "6/12/2019",
                    "8/12/2019",
                    "10/12/2019",
                    "11/12/2019",
                    "14/12/2019",
                    "15/12/2019",
                    "16/12/2019",
                    "22/12/2019",
                    "28/12/2019",
                    "30/12/2019",
<<<<<<< HEAD
                    "31/12/2019",
                    "7/1/2018",
                    "10/1/2018",
                    "15/1/2018",
                    "20/1/2018",
                    "23/1/2018",
                    "28/1/2018",
                    "30/1/2018",
                    "5/2/2018",
                    "7/2/2018",
                    "8/2/2018",
                    "10/2/2018",
                    "11/2/2018",
                    "14/2/2018",
                    "15/2/2018",
                    "3/3/2018",
                    "11/3/2018",
                    "23/3/2018",
                    "24/3/2018",
                    "27/3/2018",
                    "10/4/2018",
                    "21/4/2018",
                    "24/4/2018",
                    "28/4/2018",
                    "29/4/2018",
                    "22/6/2018",
                    "6/7/2018",
                    "18/7/2018",
                    "23/7/2018",
                    "3/8/2018",
